7    71  33 244 106 8 
7    76 193 212 220 10
7    32 224 138 281 11
7   144 246 280 289 10
7   378  88 438  98 8 
7   448 108 518 118 10
7   333 164 554 174 11
7   284 212 385 222 15
7   377 232 503 242 12
8    76 193 212 220 10
8    32 224 138 281 11
8   144 246 280 289 10
8    68 101 251 191 7 
8   469  53 570  61 15
8   280 172 444 181 7 
8   495 212 595 222 9 
9   282  57 344  67 8 
9   446 153 545 163 15
10   71  33 244 106 8 
10   68 101 251 191 7 
10   32 224 138 281 11
10  511  51 581  62 8 
10  284  78 418  87 11
10  376  98 478 108 15
11   71  33 244 106 8 
11   76 193 212 220 10
11   68 101 251 191 7 
12  181  36 260  46 8 
12  277  73 340  83 7 
12  197 174 254 184 10
12  202 217 331 227 16
12  279 238 334 248 11
13  225  65 480  75 16
13  142 199 383 209 18
13  139 221 385 231 22 
14  216 144 479 154 24
14  211 242 401 252 16
15  344  36 408  46 7 
15  292  93 480 102 17
15  439 120 510 130 8
15  376 164 526 174 20
15  349 240 475 250 8
16   34  36 159  46 10
16  355  36 424  45 8
17  272  38 344  48 8
17  101  69 163  79 7
17  318 270 444 280 10
18  514  27 551  37 20
18  404  37 474  47 8
18  155  47 219  57 8
18  104  81 304  91 8
18  379 107 561 117 12
18   20 167 123 178 21
18  406 168 594 178 17
18  217 198 377 208 20
18  333 226 462 235 34
18  272 265 423 278 19
19   76  37 132  47 12
19  262  37 322  47 7
19   52  77 179  87 21
19  216  87 398  97 17
19  220 111 393 121 15
19  236 191 308 201 8
20  415  37 469  47 15
20  400  74 469  84 8
20  464 122 566 132 15
20  389 142 579 152 17
20  521 209 584 219 10
20  241 284 344 294 21
21  383  27 429  37 20
21  170  37 242  47 8
21  189  65 298  75 20
21  223 113 372 123 20
21  277 249 498 259 40
22  271  36 598  47 18
22  174  54 284  64 21
22   66 114 248 124 12
22  486 114 544 124 7
22  264 154 454 164 16
22  211 212 298 222 69
22  196 249 469 259 32
22  282 269 503 279 41
22  331 282 418 292 23
23  115  25 207  36 19
23  261  37 322  47 7
23   16  71  81  81 12
23  408  91 598 101 17
23  201 110 303 120 21
23  219 160 387 169 15
23  391 262 517 272 34
24  544  27 606  37 12
24  111  93 220 103 15
24  277  93 332 103 8
24  494  93 556 103 8
24  117 105 242 114 9
24   47 146 215 162 25
24  225 146 393 162 26
24  404 146 572 162 27
24  308 204 369 214 7
24  148 216 292 226 46
24  387 225 418 235 18
24   48 269 216 285 29
24  228 269 396 285 30
24  407 269 575 285 31
25  150  26 179  36 24
25  334  27 388  37 18
25  423  27 485  37 22
25   44  37 137  47 15
25  508  37 562  47 12
25  471  97 533 107 21
25  176 135 319 145 46
25  191 172 261 182 8
25  316 272 404 282 28
26  459  67 567  77 21
26   98  94 241 106 29
26  414 127 547 138 16
26   34 138 147 149 30
26  162 138 281 149 31
26  218 172 286 182 8
26  489 172 557 182 25 
26  193 273 279 284 28
27  264  26 293  36 24
27  203  38 393  46 17
27  310  65 420  73 21
27   47  83  85  93 29
27  103  83 141  93 30
27  239  83 277  93 31
27  511  85 582  93 8
27  256  95 432 103 31
27   80 215 237 225 20
28   69  26 123  36 21
28  325  26 354  36 24
28  387  36 423  46 29
28  435  36 471  46 30
28  491  36 527  46 31
28  197 104 231 116 25
28  195 160 234 192 26
28  193 241 236 273 27
29   37  26  64  36 24
29  372  26 257  36 32
29   18  61 160  71 28
29  234  62 271  72 25
29  282  62 401  72 26
29  457  62 599  72 27
29  225  89 430  99 34
29  152 109 311 119 16
29  232 149 357 159 26
29   66 169 152 179 24
29  199 274 325 284 30
29  343 274 446 284 31
30  110  38 171  46 10
30  228  47 448  56 15
30  467  75 600  83 9
30   54  85 242  93 17
30  358  83 394  93 29
30   58 113 161 122 28
30  275 114 311 122 25
30   31 124 149 132 26
30  206 124 348 132 27
30  173 158 245 166 8
30  126 168 307 176 46
30  247 196 372 204 26
30  195 243 313 251 34
31  111  38 171  46 10
31  406  37 571  47 15
31   49  57 160  67 29
31  177  57 286  67 30
31  290  56 318  67 24
31   58 113 161 122 28
31  275 114 311 122 25
31   23 124 140 132 26
31  212 124 356 132 27
31  173 158 245 166 8
31  126 168 307 176 46
31   94 185 219 193 26
31  114 233 366 243 27
32  156  37 287  46 16
32  473  37 528  47 12
32  274  48 384  56 21
32  336 112 404 120 8
32  373 131 553 140 21
32  362 243 568 252 34
32  480 263 535 271 33
33  205  26 233  36 22
33  340  27 401  37 7
33  468  27 544  37 8
33  469 229 574 238 21
33  294 264 499 273 34
34   40  27 131  36 15
34  133  37 402  47 32
34  285  64 524  74 35
34  347 113 527 123 36
34  446 142 604 153 67
34  261 153 393 163 68
34  350 202 379 212 18
34  390 202 419 212 22
34  439 202 475 212 29
35  347  38 578  46 72
35  134 144 404 152 32
35  454 221 562 229 21
36  226 133 462 143 35
36  233 145 390 154 11
36  313 156 447 165 12
36   59 187 281 197 34
37   22  55 250  64 18
37  534  55 596  64 12
37  277  65 395  74 16
37  210  83 297  91 8
37   21  99 258 108 22
37  237 152 346 160 21
37  163 170 307 178 46
37  184 250 212 259 24
37  177 260 300 268 34
37  312 260 435 268 30
37  446 260 548 268 31
38  104  29 268  38 15
38  314  39 376  48 7
38  119  68 186  76 8
38  362  78 465  86 15
38  182 126 236 134 10
38  416 135 573 144 11
38  413 175 516 184 69
38  209 186 365 194 10
38  445 254 580 263 9
38   47 265 237 273 9
39   55  34 205  43 20
39  223  35 325  43 15
39   60  68 274  76 59
39  389  68 580  76 60
39   63 108 119 116 12
40  225  28 397  36 21
40  401  27 428  36 18
40  157  53 224  62 8
40   69 101 124 109 8
40  135 101 331 109 9
40  121 257 175 265 15
41  283  27 360  37 22
41  194  82 405 132 42
41  194 155 405 205 44
42  188  29 297  37 21
42  476  27 506  38 22
42  319  47 373  55 12
42  480  47 541  55 7
42   40  97 180 105 46
42  138 170 165 180 18
42  217 202 319 210 47
42   61 211 154 219 47
42   33 235 102 245 44
43  339  28 447  36 21
43  451  27 480  36 22
43  194  38 391  46 47
43  317 108 466 116 46
43  116 143 168 151 12
43   38 176 139 184 48
43  199 176 332 184 16
43  157 241 442 249 50
43  478 264 540 272 52
44  319  29 428  37 21
44  311  39 582  47 32
44  287  49 469  57 45
44  322  87 480  95 42
45  145  39 434  47 50
45  223  66 426  74 47
45  438  66 572  74 16
45  277  88 386  96 21
45  438  88 537  96 15
45  490 111 517 120 22
45  238 156 292 164 12
45  375 156 507 164 51
45  118 184 390 192 32
45  262 195 493 203 72
46  191  26 220  36 22
46  479  26 508  36 18
46  464  55 556  63 15
46  252  77 305  85 12
46  419  77 483  85 7
46   93 129 202 137 21
47  369  54 559  62 42
47  336  65 479  73 42
47  438  82 564  90 21
47  231  92 262 102 22
47   68 127 256 135 16
47  427 127 546 135 12
47  384 138 589 146 32
47   17 149  77 157 32
47  234 160 464 168 72
47  432 220 574 228 46
47  386 238 567 246 49
47  163 249 425 257 50
47  120 276 477 284 41
48  116  28 177  36 8
48  196  26 224  36 22
48  272  28 471  36 9
48  340  95 596 103 16
49  114  43 309  51 47
49  395  62 448  70 8
49  119  97 148 108 22
49  328  99 526 107 9
49  451 110 559 118 21
49  146 231 431 239 50
50   41  28  69  39 22
50  224  30 429  38 49
50  497  95 600 103 48
51  119  28 147  38 22
51  239  28 267  38 50
51  141  40 194  49 12
51  201  71 438  79 45
51   41  82 119  91 48
51   85 157 186 165 15
51  203 246 319 254 16
51   73 279 344 287 32
52  234  28 286  36 12
52  397  51 426  61 22
52   24  64 171  72 46
52  184 101 283 109 48
52  369 101 501 109 16
52  181 175 283 183 21
52   32 186 227 194 47
52  263 186 444 194 43
52  483 195 511 205 50
52  149 209 320 217 49
53  176  27 476  35 51
53  185  37 469  45 50
53  461  94 592 102 16
53  387 155 486 163 48
53   45 237  98 245 45
53  246 264 441 272 47
53  406 278 586 286 42
54  210  28 263  36 12
54  396  59 426  69 22
54   23  72 171  80 46
54  184 112 284 120 48
54  369 112 500 120 16
54  403 149 584 157 43
54  365 232 394 242 50
54  218 256 334 264 52
55   48  27 101  36 28
55  161  26 188  36 24
55  281  28 317  36 25
55  329  28 397  36 26
55  417  28 557  36 27
55  123  72 264  80 46
55  244 136 273 146 18
55  208 156 237 166 22
55   31 178 236 186 47
55  292 213 320 223 40
55  356 213 384 223 41
56   48  27 101  36 28
56  161  26 188  36 24
56  281  28 317  36 25
56  329  28 397  36 26
56  417  28 557  36 27
56   31 108 283 117 26
56  136 119 259 127 34
56   61 147  98 157 30
56  117 147 154 157 31
56  185 159 310 167 30
56   63 235 125 243 27
56  252 246 352 254 31
57  288  54 573  75 58
57  267 107 599 117 59
57  289 151 582 161 60
57  332 173 529 183 61
57  285 197 587 207 67
57  373 218 506 228 68
57  275 263 599 273 69
58  227  28 335  36 21
58   43  38 110  46 8
58  195  38 255  46 10
58  331  38 487  46 20
58  384  48 539  56 11
59  114  47 167  55 11
59  291  47 479  55 17
59  160  67 220  75 8
59  376  67 532  75 7
59  173  87 225  95 12
59  172 114 367 122 58
59  483 114 591 122 21
59   50 149 303 157 20
60  108  38 438  46 59
60  371  49 517  57 11
60  327  60 547  68 15
60  258  82 399  90 58
60  236  93 345 101 21
60  259 168 416 176 20
60  413 188 578 196 67
60  264 199 516 207 69
61  139  27 279  35 12
61   42  38 269  46 72
61   38 131 198 202 62
61  224 131 384 202 63
61  441 131 572 202 64
61   70 226 227 234 36
61  428 249 600 257 67
61  321 260 397 268 69
62   56  31 107  39 18
62  129  31 372  39 22
62  448  31 564  39 34
62   68  41 304  49 35
62  122  61 230  69 21
62  338  61 494  69 20
62  153 152 348 160 58
62  264 163 324 171 8
62  478 185 529 193 66
62   46 213 307 221 36
62  205 252 392 260 60
63  172  27 238  35 8
63  530  27 591  35 21
63  125  38 262  46 46
63  268  38 342  46 25
63  468  38 591  46 26
63  330  50 589  58 29
63  140  61 335  69 58
63  386  72 574  80 60
64   22  28  57  38 30
64   78  28 112  38 31
64  199  30 322  38 34
64  298  65 581  75 65
64  174 250 240 258 8
64  509 250 569 258 28
64  145 261 300 269 20
64  353 261 540 269 60
64  129 272 324 280 58
66   46  29 329  38 62
66  510  29 536  37 18
66   28  64 296  73 32
66  317  65 512  73 58
66  146  76 234  84 21
67  280  29 475  37 61
67  113  49 348  57 11
67  324  59 543  67 12
67  212 142 536 150 36
67  248 185 467 193 36
68  146  30 196  38 12
68  458  30 540  38 67
68  296  50 546  58 69
68   89  71 197  79 34
68  401  69 429  79 18
68  440  69 468  79 22
68  490  69 524  79 29
68   28  82 225  90 61
68   72 124 105 134 30
68  120 124 153 134 31
69  165  63 408  71 60
69  155 165 356 173 20
69  250 176 357 184 21
69  202 187 413 195 67
69  154 198 348 206 58
69   35 271 198 279 15
70  284  39 416  47 60
70  134 252 320 260 16
71  276  28 520  36 12
71  547 160 608 168 10
71  192 257 418 265 72
72   48  39 268  47 71
72  529 115 597 123 16
72  334 125 393 133 16
72  406 145 513 153 21
72  369 229 587 237 34
72  345 273 587 281 35

