05050505050505050505050505050505050505050505050505050505050505050505050505050505050505050505050505050505050505050505050505050505
05                          05                                                                      05            05        0505
05                          05                                        0505                    11    09      12    09    13  0505
05    0505050505    05050505050505050505050505050505        050505050505050505                      05            05        0505
05    05                    05        11  0505050505        05              05    0505050505050505050505050505050505050505050505
0511  05                    05              05050505        05              05    05                                        0505
05    05                    05                    05        05              05    05                                        0505
05    05                    05                    05        05              05050505      050505050505050505050505    0505050505
05    0505050505    05050505050505050505090505050505        05                                            05                0505
05                                                          07                    11                      05                0505
05                                                          05                    05                      05                0505
05                                  0505                    05                    05                      05                0505
05              05050505            0505                    050505050505050505050505050505050505050505050505                0505
05            05        05                                                                                      05          0505
05                                                                                                              05          0505
05                                                        05050505050505050505050505    030303030303      05050505050505    0505
05        030303030303030303030303030303030303030303      05                                      03            05          0505
05        03                                      03      05                                      03            05          0505
05        03                                      03      05      03030303030303030303030303      03            05          0505
05        03                                      03      05      03                03    03      03                        0505
030303030303                                      030303030303030303                      03      03030303030303            0505
03        03                                                                              03                  03            0505
03        03        03030309050303030305                                  03        03    03                  03030303      0505
03        03        03            03        030303030303030303030303      03        03030303                        030303030101
03                  03                      03  11    03          0303030303                                        03      0101
03                  03                      03        03            03030303                      03030303090303030303      0101
03        03        03            03        03        09                  03    0303030303        03          03            0101
03        03        03    0303030303        03        030303030303        03    0311    03        03          03            0101
03        03        03            03        03        03          03      03    03      09      03            03            0101
03        03        03            03                              03      03    0303030303    03      0303030303            0101
03        03        03            03                              03      03                  03      03                    0101
03        0303030303030303    03030304040404030303030303030303030303      03                    030303                      0101
03                                                                                                            010101010101010101
03                                                                                      010101                01            0101
03                                                                                      010101                01            0101
03        030303030303030303    03030303030303          040404        010303                            0101010101    0101010101
03        03                                03          030303        010101                                    01    09  110101
030303030303                                03                                                                  01    0101010101
03        03                                03                                                                              0101
03        030303030303030303030303030303030303                                  030301010101010104040401010101              0101
03                                          03                                  01          11              01              0101
03                                          09                                  01                          01              0101
03                                          03                        0101090101010101010101090101010101010101    11        0101
03        030303030303030303030303030303030303        010101          07        01                                          0101
03        03                                          010101          07        01                                          0101
03        03                                          010101          01        01        050505050505050505050505050505    0101
03        03                                                          07        01        05                          05    0101
03        03      01010101010101010101    0101                        05        01        07                          05    0101
030303030303      01                        01        010101          05        01        05      11                        0101
01                01                        01        010101          05        01        05                                0101
01                01          0101010101010101        010101          05        01        05                          05    0101
01        01      01          01                                      05        01        05                          05    0101
010101010101      01          01                                      01        01              050505050505050505050705    0101
01                01          01                                      01        01                                          0101
01        01010101010101010101010101010105050707010101090101010101010101        0505050505                                  0101
01        01    01090101    0101010101        01                      01        05                11                        0101
01        01          01    01                01                      01  11    09                                          0101
01        0111        09    09                      01      01        01        050505050505050505050505050505050505050505050505
01        01          01    01    01                                  01          01                      01        11      0101
01        01    01090101    01    01          01                      01          01                      01                0101
01        01010101010101010101    01010101070707070101      010101010101          01            01        01                0101
01                                  0101                                                        01                          0101
01                                  0101                                    11                  01                          0101
01010101010101010101010101010101010101010101010101010101010101010101010101010101010101010101010101010101010101010101010101010101
